# x, y
1.000000000000000000e+00 2.000000000000000000e+00 0.000000000000000000e+00
7.500000000000000000e-01 0.000000000000000000e+00 0.000000000000000000e+00
2.500000000000000000e-01 2.000000000000000000e+00 0.000000000000000000e+00
3.750000000000000000e-01 0.000000000000000000e+00 0.000000000000000000e+00
6.250000000000000000e-01 2.000000000000000000e+00 0.000000000000000000e+00
1.875000000000000000e-01 0.000000000000000000e+00 0.000000000000000000e+00
8.125000000000000000e-01 2.000000000000000000e+00 0.000000000000000000e+00
9.375000000000000000e-01 0.000000000000000000e+00 0.000000000000000000e+00
6.250000000000000000e-02 2.000000000000000000e+00 0.000000000000000000e+00
5.625000000000000000e-01 0.000000000000000000e+00 0.000000000000000000e+00
4.375000000000000000e-01 2.000000000000000000e+00 0.000000000000000000e+00
9.375000000000000000e-02 0.000000000000000000e+00 0.000000000000000000e+00
9.062500000000000000e-01 2.000000000000000000e+00 0.000000000000000000e+00
8.437500000000000000e-01 0.000000000000000000e+00 0.000000000000000000e+00
1.562500000000000000e-01 2.000000000000000000e+00 0.000000000000000000e+00
4.687500000000000000e-01 0.000000000000000000e+00 0.000000000000000000e+00
5.312500000000000000e-01 2.000000000000000000e+00 0.000000000000000000e+00
2.812500000000000000e-01 0.000000000000000000e+00 0.000000000000000000e+00
7.187500000000000000e-01 2.000000000000000000e+00 0.000000000000000000e+00
1.000000000000000000e+00 2.000000000000000000e+00 0.000000000000000000e+00
1.000000000000000000e+00 5.000000000000000000e-01 3.000000000000000000e+00
0.000000000000000000e+00 1.500000000000000000e+00 3.000000000000000000e+00
7.500000000000000000e-01 0.000000000000000000e+00 0.000000000000000000e+00
2.500000000000000000e-01 2.000000000000000000e+00 0.000000000000000000e+00
1.000000000000000000e+00 1.250000000000000000e+00 3.750000000000000000e+00
0.000000000000000000e+00 7.500000000000000000e-01 3.750000000000000000e+00
3.750000000000000000e-01 0.000000000000000000e+00 0.000000000000000000e+00
6.250000000000000000e-01 2.000000000000000000e+00 0.000000000000000000e+00
1.000000000000000000e+00 8.750000000000000000e-01 3.937500000000000000e+00
0.000000000000000000e+00 1.125000000000000000e+00 3.937500000000000000e+00
1.000000000000000000e+00 1.250000000000000000e-01 9.375000000000000000e-01
0.000000000000000000e+00 1.875000000000000000e+00 9.375000000000000000e-01
1.000000000000000000e+00 1.625000000000000000e+00 2.437500000000000000e+00
0.000000000000000000e+00 3.750000000000000000e-01 2.437500000000000000e+00
1.875000000000000000e-01 0.000000000000000000e+00 0.000000000000000000e+00
8.125000000000000000e-01 2.000000000000000000e+00 0.000000000000000000e+00
1.000000000000000000e+00 6.875000000000000000e-01 3.609375000000000000e+00
0.000000000000000000e+00 1.312500000000000000e+00 3.609375000000000000e+00
9.375000000000000000e-01 0.000000000000000000e+00 0.000000000000000000e+00
6.250000000000000000e-02 2.000000000000000000e+00 0.000000000000000000e+00
1.000000000000000000e+00 1.437500000000000000e+00 3.234375000000000000e+00
0.000000000000000000e+00 5.625000000000000000e-01 3.234375000000000000e+00
5.625000000000000000e-01 0.000000000000000000e+00 0.000000000000000000e+00
4.375000000000000000e-01 2.000000000000000000e+00 0.000000000000000000e+00
1.000000000000000000e+00 1.062500000000000000e+00 3.984375000000000000e+00
0.000000000000000000e+00 9.375000000000000000e-01 3.984375000000000000e+00
1.000000000000000000e+00 3.125000000000000000e-01 2.109375000000000000e+00
0.000000000000000000e+00 1.687500000000000000e+00 2.109375000000000000e+00
1.000000000000000000e+00 1.812500000000000000e+00 1.359375000000000000e+00
0.000000000000000000e+00 1.875000000000000000e-01 1.359375000000000000e+00
9.375000000000000000e-02 0.000000000000000000e+00 0.000000000000000000e+00
9.062500000000000000e-01 2.000000000000000000e+00 0.000000000000000000e+00
1.000000000000000000e+00 5.937500000000000000e-01 3.339843750000000000e+00
0.000000000000000000e+00 1.406250000000000000e+00 3.339843750000000000e+00
8.437500000000000000e-01 0.000000000000000000e+00 0.000000000000000000e+00
1.562500000000000000e-01 2.000000000000000000e+00 0.000000000000000000e+00
1.000000000000000000e+00 1.343750000000000000e+00 3.527343750000000000e+00
0.000000000000000000e+00 6.562500000000000000e-01 3.527343750000000000e+00
4.687500000000000000e-01 0.000000000000000000e+00 0.000000000000000000e+00
5.312500000000000000e-01 2.000000000000000000e+00 0.000000000000000000e+00
1.000000000000000000e+00 9.687500000000000000e-01 3.996093750000000000e+00
0.000000000000000000e+00 1.031250000000000000e+00 3.996093750000000000e+00
1.000000000000000000e+00 2.187500000000000000e-01 1.558593750000000000e+00
0.000000000000000000e+00 1.781250000000000000e+00 1.558593750000000000e+00
1.000000000000000000e+00 1.718750000000000000e+00 1.933593750000000000e+00
0.000000000000000000e+00 2.812500000000000000e-01 1.933593750000000000e+00
2.812500000000000000e-01 0.000000000000000000e+00 0.000000000000000000e+00
7.187500000000000000e-01 2.000000000000000000e+00 0.000000000000000000e+00
1.000000000000000000e+00 7.812500000000000000e-01 3.808593750000000000e+00
5.000000000000000000e-01 3.992015961557626724e-03 3.187238425016403198e-02
2.500000000000000000e-01 7.984031923115253448e-03 6.361727416515350342e-02
7.500000000000000000e-01 1.197604835033416748e-02 9.523468464612960815e-02
1.250000000000000000e-01 1.596806384623050690e-02 1.267245858907699585e-01
6.250000000000000000e-01 1.996007934212684631e-02 1.580870151519775391e-01
3.750000000000000000e-01 2.395209670066833496e-02 1.893219649791717529e-01
8.750000000000000000e-01 2.794411219656467438e-02 2.204294055700302124e-01
6.250000000000000000e-02 3.193612769246101379e-02 2.514093518257141113e-01
5.625000000000000000e-01 3.592814505100250244e-02 2.822618484497070312e-01
3.125000000000000000e-01 3.992015868425369263e-02 3.129867911338806152e-01
8.125000000000000000e-01 4.391217604279518127e-02 3.435842990875244141e-01
1.875000000000000000e-01 4.790419340133666992e-02 3.740542829036712646e-01
6.875000000000000000e-01 5.189620703458786011e-02 4.043968021869659424e-01
4.375000000000000000e-01 5.588822439312934875e-02 4.346118271350860596e-01
9.375000000000000000e-01 5.988023802638053894e-02 4.646993279457092285e-01
3.125000000000000000e-02 6.387225538492202759e-02 4.946593940258026123e-01
5.312500000000000000e-01 6.786426901817321777e-02 5.244919061660766602e-01
2.812500000000000000e-01 7.185629010200500488e-02 5.541970133781433105e-01
7.812500000000000000e-01 7.584830373525619507e-02 5.837745666503906250e-01
1.562500000000000000e-01 7.984031736850738525e-02 6.132246255874633789e-01
6.562500000000000000e-01 8.383233845233917236e-02 6.425472497940063477e-01
4.062500000000000000e-01 8.782435208559036255e-02 6.717423796653747559e-01
9.062500000000000000e-01 9.181636571884155273e-02 7.008098959922790527e-01
9.375000000000000000e-02 9.580838680267333984e-02 7.297500967979431152e-01
5.937500000000000000e-01 9.980040043592453003e-02 7.585627436637878418e-01
3.437500000000000000e-01 1.037924140691757202e-01 7.872478365898132324e-01
8.437500000000000000e-01 1.077844277024269104e-01 8.158054947853088379e-01
2.187500000000000000e-01 1.117764487862586975e-01 8.442356586456298828e-01
7.187500000000000000e-01 1.157684624195098877e-01 8.725383877754211426e-01
4.687500000000000000e-01 1.197604760527610779e-01 9.007135033607482910e-01
9.687500000000000000e-01 1.237524971365928650e-01 9.287612438201904297e-01
1.562500000000000000e-02 1.277445107698440552e-01 9.566814303398132324e-01
5.156250000000000000e-01 1.317365318536758423e-01 9.844741821289062500e-01
2.656250000000000000e-01 1.357285380363464355e-01 1.012139320373535156e+00
7.656250000000000000e-01 1.397205591201782227e-01 1.039677143096923828e+00
1.406250000000000000e-01 1.437125802040100098e-01 1.067087411880493164e+00
6.406250000000000000e-01 1.477045863866806030e-01 1.094370126724243164e+00
3.906250000000000000e-01 1.516966074705123901e-01 1.121525406837463379e+00
8.906250000000000000e-01 1.556886285543441772e-01 1.148553252220153809e+00
7.812500000000000000e-02 1.596806347370147705e-01 1.175453424453735352e+00
5.781250000000000000e-01 1.636726558208465576e-01 1.202226281166076660e+00
3.281250000000000000e-01 1.676646769046783447e-01 1.228871703147888184e+00
8.281250000000000000e-01 1.716566830873489380e-01 1.255389332771301270e+00
2.031250000000000000e-01 1.756487041711807251e-01 1.281779766082763672e+00
7.031250000000000000e-01 1.796407252550125122e-01 1.308042645454406738e+00
4.531250000000000000e-01 1.836327314376831055e-01 1.334177970886230469e+00
9.531250000000000000e-01 1.876247525215148926e-01 1.360185861587524414e+00
4.687500000000000000e-02 1.916167736053466797e-01 1.386066198348999023e+00
5.468750000000000000e-01 1.956087797880172729e-01 1.411819100379943848e+00
2.968750000000000000e-01 1.996008008718490601e-01 1.437444448471069336e+00
7.968750000000000000e-01 2.035928070545196533e-01 1.462942361831665039e+00
1.718750000000000000e-01 2.075848281383514404e-01 1.488312721252441406e+00
6.718750000000000000e-01 2.115768492221832275e-01 1.513555765151977539e+00
4.218750000000000000e-01 2.155688554048538208e-01 1.538671135902404785e+00
9.218750000000000000e-01 2.195608764886856079e-01 1.563659071922302246e+00
1.093750000000000000e-01 2.235528975725173950e-01 1.588519573211669922e+00
6.093750000000000000e-01 2.275449037551879883e-01 1.613252520561218262e+00
3.593750000000000000e-01 2.315369248390197754e-01 1.637858033180236816e+00
8.593750000000000000e-01 2.355289459228515625e-01 1.662335991859436035e+00
2.343750000000000000e-01 2.395209521055221558e-01 1.686686515808105469e+00
7.343750000000000000e-01 2.435129731893539429e-01 1.710909485816955566e+00
4.843750000000000000e-01 2.475049942731857300e-01 1.735005140304565430e+00
9.843750000000000000e-01 2.514970004558563232e-01 1.758973002433776855e+00
7.812500000000000000e-03 2.554890215396881104e-01 1.782813668251037598e+00
5.078125000000000000e-01 2.594810426235198975e-01 1.806526660919189453e+00
2.578125000000000000e-01 2.634730637073516846e-01 1.830112338066101074e+00
7.578125000000000000e-01 2.674650549888610840e-01 1.853570103645324707e+00
1.328125000000000000e-01 2.714570760726928711e-01 1.876900792121887207e+00
6.328125000000000000e-01 2.754490971565246582e-01 1.900104045867919922e+00
3.828125000000000000e-01 2.794411182403564453e-01 1.923179626464843750e+00
8.828125000000000000e-01 2.834331393241882324e-01 1.946127653121948242e+00
7.031250000000000000e-02 2.874251604080200195e-01 1.968948364257812500e+00
5.703125000000000000e-01 2.914171516895294189e-01 1.991641402244567871e+00
3.203125000000000000e-01 2.954091727733612061e-01 2.014207124710083008e+00
8.203125000000000000e-01 2.994011938571929932e-01 2.036645174026489258e+00
1.953125000000000000e-01 3.033932149410247803e-01 2.058955907821655273e+00
6.953125000000000000e-01 3.073852360248565674e-01 2.081139087677001953e+00
4.453125000000000000e-01 3.113772571086883545e-01 2.103194952011108398e+00
9.453125000000000000e-01 3.153692483901977539e-01 2.125123023986816406e+00
3.906250000000000000e-02 3.193612694740295410e-01 2.146923780441284180e+00
5.390625000000000000e-01 3.233532905578613281e-01 2.168596982955932617e+00
2.890625000000000000e-01 3.273453116416931152e-01 2.190142631530761719e+00
7.890625000000000000e-01 3.313373327255249023e-01 2.211560964584350586e+00
1.640625000000000000e-01 3.353293538093566895e-01 2.232851743698120117e+00
6.640625000000000000e-01 3.393213450908660889e-01 2.254014730453491211e+00
4.140625000000000000e-01 3.433133661746978760e-01 2.275050640106201172e+00
9.140625000000000000e-01 3.473053872585296631e-01 2.295958995819091797e+00
1.015625000000000000e-01 3.512974083423614502e-01 2.316739797592163086e+00
6.015625000000000000e-01 3.552894294261932373e-01 2.337393045425415039e+00
3.515625000000000000e-01 3.592814505100250244e-01 2.357918977737426758e+00
8.515625000000000000e-01 3.632734417915344238e-01 2.378317356109619141e+00
2.265625000000000000e-01 3.672654628753662109e-01 2.398587942123413086e+00
7.265625000000000000e-01 3.712574839591979980e-01 2.418731212615966797e+00
4.765625000000000000e-01 3.752495050430297852e-01 2.438747167587280273e+00
9.765625000000000000e-01 3.792415261268615723e-01 2.458635807037353516e+00
2.343750000000000000e-02 3.832335472106933594e-01 2.478396654129028320e+00
5.234375000000000000e-01 3.872255384922027588e-01 2.498029947280883789e+00
2.734375000000000000e-01 3.912175595760345459e-01 2.517535686492919922e+00
7.734375000000000000e-01 3.952095806598663330e-01 2.536914348602294922e+00
1.484375000000000000e-01 3.992016017436981201e-01 2.556164979934692383e+00
6.484375000000000000e-01 4.031936228275299072e-01 2.575288534164428711e+00
3.984375000000000000e-01 4.071856141090393066e-01 2.594284534454345703e+00
8.984375000000000000e-01 4.111776351928710938e-01 2.613152980804443359e+00
8.593750000000000000e-02 4.151696562767028809e-01 2.631893873214721680e+00
5.859375000000000000e-01 4.191616773605346680e-01 2.650507450103759766e+00
3.359375000000000000e-01 4.231536984443664551e-01 2.668993473052978516e+00
8.359375000000000000e-01 4.271457195281982422e-01 2.687351942062377930e+00
2.109375000000000000e-01 4.311377108097076416e-01 2.705582857131958008e+00
7.109375000000000000e-01 4.351297318935394287e-01 2.723686218261718750e+00
4.609375000000000000e-01 4.391217529773712158e-01 2.741662502288818359e+00
9.609375000000000000e-01 4.431137740612030029e-01 2.759510755538940430e+00
5.468750000000000000e-02 4.471057951450347900e-01 2.777231931686401367e+00
5.546875000000000000e-01 4.510978162288665771e-01 2.794825553894042969e+00
3.046875000000000000e-01 4.550898075103759766e-01 2.812291622161865234e+00
8.046875000000000000e-01 4.590818285942077637e-01 2.829630136489868164e+00
1.796875000000000000e-01 4.630738496780395508e-01 2.846841335296630859e+00
6.796875000000000000e-01 4.670658707618713379e-01 2.863924980163574219e+00
4.296875000000000000e-01 4.710578918457031250e-01 2.880881071090698242e+00
9.296875000000000000e-01 4.750499129295349121e-01 2.897709608078002930e+00
1.171875000000000000e-01 4.790419042110443115e-01 2.914410591125488281e+00
6.171875000000000000e-01 4.830339252948760986e-01 2.930984258651733398e+00
3.671875000000000000e-01 4.870259463787078857e-01 2.947430372238159180e+00
8.671875000000000000e-01 4.910179674625396729e-01 2.963749170303344727e+00
2.421875000000000000e-01 4.950099885463714600e-01 2.979940176010131836e+00
7.421875000000000000e-01 4.990020096302032471e-01 2.996004104614257812e+00
4.921875000000000000e-01 5.029940009117126465e-01 3.011940002441406250e+00
9.921875000000000000e-01 5.069860219955444336e-01 3.027748823165893555e+00
3.906250000000000000e-03 5.109780430793762207e-01 3.043430328369140625e+00
5.039062500000000000e-01 5.149700641632080078e-01 3.058983802795410156e+00
2.539062500000000000e-01 5.189620852470397949e-01 3.074409961700439453e+00
7.539062500000000000e-01 5.229541063308715820e-01 3.089708805084228516e+00
1.289062500000000000e-01 5.269461274147033691e-01 3.104880332946777344e+00
6.289062500000000000e-01 5.309381484985351562e-01 3.119923830032348633e+00
3.789062500000000000e-01 5.349301099777221680e-01 3.134840011596679688e+00
8.789062500000000000e-01 5.389221310615539551e-01 3.149628877639770508e+00
6.640625000000000000e-02 5.429141521453857422e-01 3.164290189743041992e+00
5.664062500000000000e-01 5.469061732292175293e-01 3.178823709487915039e+00
3.164062500000000000e-01 5.508981943130493164e-01 3.193230390548706055e+00
8.164062500000000000e-01 5.548902153968811035e-01 3.207509279251098633e+00
1.914062500000000000e-01 5.588822364807128906e-01 3.221660375595092773e+00
6.914062500000000000e-01 5.628742575645446777e-01 3.235684156417846680e+00
4.414062500000000000e-01 5.668662786483764648e-01 3.249580621719360352e+00
9.414062500000000000e-01 5.708582997322082520e-01 3.263349771499633789e+00
3.515625000000000000e-02 5.748503208160400391e-01 3.276990890502929688e+00
5.351562500000000000e-01 5.788423418998718262e-01 3.290504693984985352e+00
2.851562500000000000e-01 5.828343033790588379e-01 3.303891181945800781e+00
7.851562500000000000e-01 5.868263244628906250e-01 3.317150115966796875e+00
1.601562500000000000e-01 5.908183455467224121e-01 3.330281257629394531e+00
6.601562500000000000e-01 5.948103666305541992e-01 3.343285560607910156e+00
4.101562500000000000e-01 5.988023877143859863e-01 3.356162071228027344e+00
9.101562500000000000e-01 6.027944087982177734e-01 3.368910789489746094e+00
9.765625000000000000e-02 6.067864298820495605e-01 3.381532192230224609e+00
5.976562500000000000e-01 6.107784509658813477e-01 3.394026279449462891e+00
3.476562500000000000e-01 6.147704720497131348e-01 3.406393051147460938e+00
8.476562500000000000e-01 6.187624931335449219e-01 3.418631792068481445e+00
2.226562500000000000e-01 6.227545142173767090e-01 3.430743217468261719e+00
7.226562500000000000e-01 6.267465353012084961e-01 3.442727327346801758e+00
4.726562500000000000e-01 6.307384967803955078e-01 3.454583883285522461e+00
9.726562500000000000e-01 6.347305178642272949e-01 3.466312646865844727e+00
1.953125000000000000e-02 6.387225389480590820e-01 3.477914333343505859e+00
5.195312500000000000e-01 6.427145600318908691e-01 3.489388704299926758e+00
2.695312500000000000e-01 6.467065811157226562e-01 3.500735044479370117e+00
7.695312500000000000e-01 6.506986021995544434e-01 3.511954069137573242e+00
1.445312500000000000e-01 6.546906232833862305e-01 3.523045778274536133e+00
6.445312500000000000e-01 6.586826443672180176e-01 3.534009933471679688e+00
3.945312500000000000e-01 6.626746654510498047e-01 3.544846534729003906e+00
8.945312500000000000e-01 6.666666865348815918e-01 3.555555343627929688e+00
8.203125000000000000e-02 6.706587076187133789e-01 3.566137313842773438e+00
5.820312500000000000e-01 6.746506690979003906e-01 3.576591253280639648e+00
3.320312500000000000e-01 6.786426901817321777e-01 3.586917638778686523e+00
8.320312500000000000e-01 6.826347112655639648e-01 3.597117185592651367e+00
2.070312500000000000e-01 6.866267323493957520e-01 3.607188940048217773e+00
7.070312500000000000e-01 6.906187534332275391e-01 3.617132902145385742e+00
4.570312500000000000e-01 6.946107745170593262e-01 3.626949548721313477e+00
9.570312500000000000e-01 6.986027956008911133e-01 3.636638879776000977e+00
5.078125000000000000e-02 7.025948166847229004e-01 3.646200895309448242e+00
5.507812500000000000e-01 7.065868377685546875e-01 3.655634880065917969e+00
3.007812500000000000e-01 7.105788588523864746e-01 3.664941549301147461e+00
8.007812500000000000e-01 7.145708799362182617e-01 3.674120903015136719e+00
1.757812500000000000e-01 7.185629010200500488e-01 3.683172702789306641e+00
6.757812500000000000e-01 7.225548624992370605e-01 3.692096710205078125e+00
4.257812500000000000e-01 7.265468835830688477e-01 3.700893640518188477e+00
9.257812500000000000e-01 7.305389046669006348e-01 3.709563016891479492e+00
1.132812500000000000e-01 7.345309257507324219e-01 3.718104600906372070e+00
6.132812500000000000e-01 7.385229468345642090e-01 3.726518869400024414e+00
3.632812500000000000e-01 7.425149679183959961e-01 3.734805822372436523e+00
8.632812500000000000e-01 7.465069890022277832e-01 3.742965459823608398e+00
2.382812500000000000e-01 7.504990100860595703e-01 3.750997066497802734e+00
7.382812500000000000e-01 7.544910311698913574e-01 3.758901119232177734e+00
4.882812500000000000e-01 7.584830522537231445e-01 3.766678333282470703e+00
9.882812500000000000e-01 7.624750733375549316e-01 3.774327754974365234e+00
1.171875000000000000e-02 7.664670944213867188e-01 3.781849622726440430e+00
5.117187500000000000e-01 7.704590559005737305e-01 3.789243936538696289e+00
2.617187500000000000e-01 7.744510769844055176e-01 3.796510934829711914e+00
7.617187500000000000e-01 7.784430980682373047e-01 3.803650140762329102e+00
1.367187500000000000e-01 7.824351191520690918e-01 3.810661792755126953e+00
6.367187500000000000e-01 7.864271402359008789e-01 3.817546606063842773e+00
3.867187500000000000e-01 7.904191613197326660e-01 3.824303627014160156e+00
8.867187500000000000e-01 7.944111824035644531e-01 3.830932855606079102e+00
7.421875000000000000e-02 7.984032034873962402e-01 3.837434768676757812e+00
5.742187500000000000e-01 8.023952245712280273e-01 3.843809366226196289e+00
3.242187500000000000e-01 8.063872456550598145e-01 3.850056648254394531e+00
8.242187500000000000e-01 8.103792667388916016e-01 3.856175899505615234e+00
1.992187500000000000e-01 8.143712282180786133e-01 3.862167835235595703e+00
6.992187500000000000e-01 8.183632493019104004e-01 3.868032455444335938e+00
4.492187500000000000e-01 8.223552703857421875e-01 3.873769283294677734e+00
9.492187500000000000e-01 8.263472914695739746e-01 3.879378795623779297e+00
4.296875000000000000e-02 8.303393125534057617e-01 3.884860992431640625e+00
5.429687500000000000e-01 8.343313336372375488e-01 3.890215873718261719e+00
2.929687500000000000e-01 8.383233547210693359e-01 3.895442724227905273e+00
7.929687500000000000e-01 8.423153758049011230e-01 3.900542020797729492e+00
1.679687500000000000e-01 8.463073968887329102e-01 3.905514240264892578e+00
6.679687500000000000e-01 8.502994179725646973e-01 3.910359144210815430e+00
4.179687500000000000e-01 8.542914390563964844e-01 3.915076017379760742e+00
9.179687500000000000e-01 8.582834601402282715e-01 3.919665575027465820e+00
1.054687500000000000e-01 8.622754216194152832e-01 3.924128055572509766e+00
6.054687500000000000e-01 8.662674427032470703e-01 3.928462505340576172e+00
3.554687500000000000e-01 8.702594637870788574e-01 3.932669401168823242e+00
8.554687500000000000e-01 8.742514848709106445e-01 3.936749219894409180e+00
2.304687500000000000e-01 8.782435059547424316e-01 3.940701723098754883e+00
7.304687500000000000e-01 8.822355270385742188e-01 3.944526195526123047e+00
4.804687500000000000e-01 8.862275481224060059e-01 3.948223114013671875e+00
9.804687500000000000e-01 8.902195692062377930e-01 3.951792955398559570e+00
2.734375000000000000e-02 8.942115902900695801e-01 3.955235481262207031e+00
5.273437500000000000e-01 8.982036113739013672e-01 3.958549976348876953e+00
2.773437500000000000e-01 9.021956324577331543e-01 3.961736917495727539e+00
7.773437500000000000e-01 9.061876535415649414e-01 3.964797019958496094e+00
1.523437500000000000e-01 9.101796150207519531e-01 3.967729091644287109e+00
6.523437500000000000e-01 9.141716361045837402e-01 3.970533847808837891e+00
4.023437500000000000e-01 9.181636571884155273e-01 3.973211288452148438e+00
9.023437500000000000e-01 9.221556782722473145e-01 3.975761175155639648e+00
8.984375000000000000e-02 9.261476993560791016e-01 3.978183269500732422e+00
5.898437500000000000e-01 9.301397204399108887e-01 3.980478048324584961e+00
3.398437500000000000e-01 9.341317415237426758e-01 3.982645511627197266e+00
8.398437500000000000e-01 9.381237626075744629e-01 3.984685659408569336e+00
2.148437500000000000e-01 9.421157836914062500e-01 3.986597776412963867e+00
7.148437500000000000e-01 9.461078047752380371e-01 3.988382339477539062e+00
4.648437500000000000e-01 9.500998258590698242e-01 3.990039825439453125e+00
9.648437500000000000e-01 9.540917873382568359e-01 3.991569757461547852e+00
5.859375000000000000e-02 9.580838084220886230e-01 3.992971897125244141e+00
5.585937500000000000e-01 9.620758295059204102e-01 3.994246959686279297e+00
3.085937500000000000e-01 9.660678505897521973e-01 3.995394706726074219e+00
8.085937500000000000e-01 9.700598716735839844e-01 3.996414422988891602e+00
1.835937500000000000e-01 9.740518927574157715e-01 3.997306585311889648e+00
6.835937500000000000e-01 9.780439138412475586e-01 3.998071670532226562e+00
4.335937500000000000e-01 9.820359349250793457e-01 3.998709440231323242e+00
9.335937500000000000e-01 9.860279560089111328e-01 3.999219179153442383e+00
1.210937500000000000e-01 9.900199770927429199e-01 3.999601364135742188e+00
6.210937500000000000e-01 9.940119981765747070e-01 3.999856472015380859e+00
3.710937500000000000e-01 9.980040192604064941e-01 3.999984264373779297e+00
8.710937500000000000e-01 1.001996040344238281e+00 3.999984025955200195e+00
2.460937500000000000e-01 1.005988001823425293e+00 3.999856472015380859e+00
7.460937500000000000e-01 1.009980082511901855e+00 3.999601602554321289e+00
4.960937500000000000e-01 1.013972043991088867e+00 3.999219179153442383e+00
9.960937500000000000e-01 1.017964124679565430e+00 3.998709201812744141e+00
1.953125000000000000e-03 1.021956086158752441e+00 3.998071670532226562e+00
5.019531250000000000e-01 1.025948047637939453e+00 3.997306823730468750e+00
2.519531250000000000e-01 1.029940128326416016e+00 3.996414422988891602e+00
7.519531250000000000e-01 1.033932089805603027e+00 3.995394468307495117e+00
1.269531250000000000e-01 1.037924170494079590e+00 3.994246959686279297e+00
6.269531250000000000e-01 1.041916131973266602e+00 3.992972135543823242e+00
3.769531250000000000e-01 1.045908212661743164e+00 3.991569757461547852e+00
8.769531250000000000e-01 1.049900174140930176e+00 3.990039825439453125e+00
6.445312500000000000e-02 1.053892254829406738e+00 3.988382577896118164e+00
5.644531250000000000e-01 1.057884216308593750e+00 3.986597776412963867e+00
3.144531250000000000e-01 1.061876296997070312e+00 3.984685182571411133e+00
8.144531250000000000e-01 1.065868258476257324e+00 3.982645511627197266e+00
1.894531250000000000e-01 1.069860219955444336e+00 3.980478286743164062e+00
6.894531250000000000e-01 1.073852300643920898e+00 3.978183269500732422e+00
4.394531250000000000e-01 1.077844262123107910e+00 3.975761175155639648e+00
9.394531250000000000e-01 1.081836342811584473e+00 3.973211288452148438e+00
3.320312500000000000e-02 1.085828304290771484e+00 3.970534086227416992e+00
5.332031250000000000e-01 1.089820384979248047e+00 3.967729091644287109e+00
2.832031250000000000e-01 1.093812346458435059e+00 3.964797019958496094e+00
7.832031250000000000e-01 1.097804427146911621e+00 3.961737155914306641e+00
1.582031250000000000e-01 1.101796388626098633e+00 3.958549976348876953e+00
6.582031250000000000e-01 1.105788469314575195e+00 3.955235242843627930e+00
4.082031250000000000e-01 1.109780430793762207e+00 3.951792955398559570e+00
9.082031250000000000e-01 1.113772511482238770e+00 3.948223352432250977e+00
9.570312500000000000e-02 1.117764472961425781e+00 3.944526195526123047e+00
5.957031250000000000e-01 1.121756434440612793e+00 3.940701484680175781e+00
3.457031250000000000e-01 1.125748515129089355e+00 3.936749219894409180e+00
8.457031250000000000e-01 1.129740476608276367e+00 3.932669639587402344e+00
2.207031250000000000e-01 1.133732557296752930e+00 3.928462505340576172e+00
7.207031250000000000e-01 1.137724518775939941e+00 3.924127817153930664e+00
4.707031250000000000e-01 1.141716599464416504e+00 3.919665575027465820e+00
9.707031250000000000e-01 1.145708560943603516e+00 3.915076017379760742e+00
1.757812500000000000e-02 1.149700641632080078e+00 3.910358905792236328e+00
5.175781250000000000e-01 1.153692603111267090e+00 3.905514240264892578e+00
2.675781250000000000e-01 1.157684683799743652e+00 3.900542259216308594e+00
7.675781250000000000e-01 1.161676645278930664e+00 3.895442724227905273e+00
1.425781250000000000e-01 1.165668606758117676e+00 3.890215635299682617e+00
6.425781250000000000e-01 1.169660687446594238e+00 3.884860992431640625e+00
3.925781250000000000e-01 1.173652648925781250e+00 3.879379034042358398e+00
8.925781250000000000e-01 1.177644729614257812e+00 3.873769283294677734e+00
8.007812500000000000e-02 1.181636691093444824e+00 3.868032455444335938e+00
5.800781250000000000e-01 1.185628771781921387e+00 3.862167835235595703e+00
3.300781250000000000e-01 1.189620733261108398e+00 3.856175899505615234e+00
8.300781250000000000e-01 1.193612813949584961e+00 3.850056409835815430e+00
2.050781250000000000e-01 1.197604775428771973e+00 3.843809366226196289e+00
7.050781250000000000e-01 1.201596856117248535e+00 3.837434768676757812e+00
4.550781250000000000e-01 1.205588817596435547e+00 3.830932855606079102e+00
9.550781250000000000e-01 1.209580779075622559e+00 3.824303627014160156e+00
4.882812500000000000e-02 1.213572859764099121e+00 3.817546606063842773e+00
5.488281250000000000e-01 1.217564821243286133e+00 3.810662269592285156e+00
2.988281250000000000e-01 1.221556901931762695e+00 3.803650140762329102e+00
7.988281250000000000e-01 1.225548863410949707e+00 3.796510934829711914e+00
1.738281250000000000e-01 1.229540944099426270e+00 3.789243936538696289e+00
6.738281250000000000e-01 1.233532905578613281e+00 3.781849622726440430e+00
4.238281250000000000e-01 1.237524986267089844e+00 3.774327516555786133e+00
9.238281250000000000e-01 1.241516947746276855e+00 3.766678333282470703e+00
1.113281250000000000e-01 1.245509028434753418e+00 3.758901357650756836e+00
6.113281250000000000e-01 1.249500989913940430e+00 3.750997066497802734e+00
3.613281250000000000e-01 1.253493070602416992e+00 3.742964982986450195e+00
8.613281250000000000e-01 1.257485032081604004e+00 3.734805822372436523e+00
2.363281250000000000e-01 1.261476993560791016e+00 3.726519107818603516e+00
7.363281250000000000e-01 1.265469074249267578e+00 3.718104600906372070e+00
4.863281250000000000e-01 1.269461035728454590e+00 3.709563016891479492e+00
9.863281250000000000e-01 1.273453116416931152e+00 3.700893640518188477e+00
9.765625000000000000e-03 1.277445077896118164e+00 3.692096948623657227e+00
5.097656250000000000e-01 1.281437158584594727e+00 3.683172464370727539e+00
2.597656250000000000e-01 1.285429120063781738e+00 3.674120903015136719e+00
7.597656250000000000e-01 1.289421200752258301e+00 3.664941549301147461e+00
1.347656250000000000e-01 1.293413162231445312e+00 3.655634880065917969e+00
6.347656250000000000e-01 1.297405242919921875e+00 3.646200418472290039e+00
3.847656250000000000e-01 1.301397204399108887e+00 3.636638879776000977e+00
8.847656250000000000e-01 1.305389165878295898e+00 3.626949787139892578e+00
7.226562500000000000e-02 1.309381246566772461e+00 3.617132902145385742e+00
5.722656250000000000e-01 1.313373208045959473e+00 3.607188940048217773e+00
3.222656250000000000e-01 1.317365288734436035e+00 3.597117185592651367e+00
8.222656250000000000e-01 1.321357250213623047e+00 3.586918115615844727e+00
1.972656250000000000e-01 1.325349330902099609e+00 3.576591253280639648e+00
6.972656250000000000e-01 1.329341292381286621e+00 3.566137313842773438e+00
4.472656250000000000e-01 1.333333373069763184e+00 3.555555343627929688e+00
9.472656250000000000e-01 1.337325334548950195e+00 3.544846534729003906e+00
4.101562500000000000e-02 1.341317415237426758e+00 3.534009695053100586e+00
5.410156250000000000e-01 1.345309376716613770e+00 3.523045778274536133e+00
2.910156250000000000e-01 1.349301338195800781e+00 3.511954307556152344e+00
7.910156250000000000e-01 1.353293418884277344e+00 3.500735044479370117e+00
1.660156250000000000e-01 1.357285380363464355e+00 3.489388704299926758e+00
6.660156250000000000e-01 1.361277461051940918e+00 3.477914333343505859e+00
4.160156250000000000e-01 1.365269422531127930e+00 3.466312885284423828e+00
9.160156250000000000e-01 1.369261503219604492e+00 3.454583883285522461e+00
1.035156250000000000e-01 1.373253464698791504e+00 3.442727327346801758e+00
6.035156250000000000e-01 1.377245545387268066e+00 3.430743217468261719e+00
3.535156250000000000e-01 1.381237506866455078e+00 3.418631792068481445e+00
8.535156250000000000e-01 1.385229587554931641e+00 3.406392574310302734e+00
2.285156250000000000e-01 1.389221549034118652e+00 3.394026279449462891e+00
7.285156250000000000e-01 1.393213629722595215e+00 3.381532192230224609e+00
4.785156250000000000e-01 1.397205591201782227e+00 3.368910789489746094e+00
9.785156250000000000e-01 1.401197552680969238e+00 3.356162071228027344e+00
2.539062500000000000e-02 1.405189633369445801e+00 3.343285560607910156e+00
5.253906250000000000e-01 1.409181594848632812e+00 3.330281734466552734e+00
2.753906250000000000e-01 1.413173675537109375e+00 3.317150115966796875e+00
7.753906250000000000e-01 1.417165637016296387e+00 3.303891420364379883e+00
1.503906250000000000e-01 1.421157717704772949e+00 3.290504693984985352e+00
6.503906250000000000e-01 1.425149679183959961e+00 3.276990890502929688e+00
4.003906250000000000e-01 1.429141759872436523e+00 3.263349294662475586e+00
9.003906250000000000e-01 1.433133721351623535e+00 3.249580621719360352e+00
8.789062500000000000e-02 1.437125802040100098e+00 3.235684156417846680e+00
5.878906250000000000e-01 1.441117763519287109e+00 3.221660375595092773e+00
3.378906250000000000e-01 1.445109724998474121e+00 3.207509279251098633e+00
8.378906250000000000e-01 1.449101805686950684e+00 3.193230390548706055e+00
2.128906250000000000e-01 1.453093767166137695e+00 3.178824186325073242e+00
7.128906250000000000e-01 1.457085847854614258e+00 3.164290189743041992e+00
4.628906250000000000e-01 1.461077809333801270e+00 3.149629116058349609e+00
9.628906250000000000e-01 1.465069890022277832e+00 3.134840011596679688e+00
5.664062500000000000e-02 1.469061851501464844e+00 3.119923830032348633e+00
5.566406250000000000e-01 1.473053932189941406e+00 3.104879856109619141e+00
3.066406250000000000e-01 1.477045893669128418e+00 3.089708805084228516e+00
8.066406250000000000e-01 1.481037974357604980e+00 3.074409961700439453e+00
1.816406250000000000e-01 1.485029935836791992e+00 3.058983802795410156e+00
6.816406250000000000e-01 1.489021897315979004e+00 3.043430328369140625e+00
4.316406250000000000e-01 1.493013978004455566e+00 3.027748823165893555e+00
9.316406250000000000e-01 1.497005939483642578e+00 3.011940479278564453e+00
1.191406250000000000e-01 1.500998020172119141e+00 2.996003866195678711e+00
6.191406250000000000e-01 1.504989981651306152e+00 2.979940414428710938e+00
3.691406250000000000e-01 1.508982062339782715e+00 2.963748931884765625e+00
8.691406250000000000e-01 1.512974023818969727e+00 2.947430610656738281e+00
2.441406250000000000e-01 1.516966104507446289e+00 2.930984258651733398e+00
7.441406250000000000e-01 1.520958065986633301e+00 2.914410829544067383e+00
4.941406250000000000e-01 1.524950146675109863e+00 2.897709369659423828e+00
9.941406250000000000e-01 1.528942108154296875e+00 2.880881071090698242e+00
5.859375000000000000e-03 1.532934188842773438e+00 2.863924503326416016e+00
5.058593750000000000e-01 1.536926150321960449e+00 2.846841335296630859e+00
2.558593750000000000e-01 1.540918111801147461e+00 2.829630374908447266e+00
7.558593750000000000e-01 1.544910192489624023e+00 2.812291622161865234e+00
1.308593750000000000e-01 1.548902153968811035e+00 2.794825792312622070e+00
6.308593750000000000e-01 1.552894234657287598e+00 2.777231931686401367e+00
3.808593750000000000e-01 1.556886196136474609e+00 2.759510993957519531e+00
8.808593750000000000e-01 1.560878276824951172e+00 2.741662263870239258e+00
6.835937500000000000e-02 1.564870238304138184e+00 2.723686456680297852e+00
5.683593750000000000e-01 1.568862318992614746e+00 2.705582618713378906e+00
3.183593750000000000e-01 1.572854280471801758e+00 2.687351942062377930e+00
8.183593750000000000e-01 1.576846361160278320e+00 2.668992996215820312e+00
1.933593750000000000e-01 1.580838322639465332e+00 2.650507450103759766e+00
6.933593750000000000e-01 1.584830284118652344e+00 2.631894111633300781e+00
4.433593750000000000e-01 1.588822364807128906e+00 2.613152980804443359e+00
9.433593750000000000e-01 1.592814326286315918e+00 2.594284772872924805e+00
3.710937500000000000e-02 1.596806406974792480e+00 2.575288534164428711e+00
5.371093750000000000e-01 1.600798368453979492e+00 2.556165218353271484e+00
2.871093750000000000e-01 1.604790449142456055e+00 2.536914110183715820e+00
7.871093750000000000e-01 1.608782410621643066e+00 2.517535924911499023e+00
1.621093750000000000e-01 1.612774491310119629e+00 2.498029708862304688e+00
6.621093750000000000e-01 1.616766452789306641e+00 2.478396654129028320e+00
4.121093750000000000e-01 1.620758533477783203e+00 2.458635330200195312e+00
9.121093750000000000e-01 1.624750494956970215e+00 2.438747167587280273e+00
9.960937500000000000e-02 1.628742456436157227e+00 2.418731689453125000e+00
5.996093750000000000e-01 1.632734537124633789e+00 2.398587942123413086e+00
3.496093750000000000e-01 1.636726498603820801e+00 2.378317356109619141e+00
8.496093750000000000e-01 1.640718579292297363e+00 2.357918739318847656e+00
2.246093750000000000e-01 1.644710540771484375e+00 2.337393283843994141e+00
7.246093750000000000e-01 1.648702621459960938e+00 2.316739559173583984e+00
4.746093750000000000e-01 1.652694582939147949e+00 2.295959234237670898e+00
9.746093750000000000e-01 1.656686663627624512e+00 2.275050401687622070e+00
2.148437500000000000e-02 1.660678625106811523e+00 2.254014968872070312e+00
5.214843750000000000e-01 1.664670705795288086e+00 2.232851505279541016e+00
2.714843750000000000e-01 1.668662667274475098e+00 2.211560964584350586e+00
7.714843750000000000e-01 1.672654747962951660e+00 2.190142393112182617e+00
1.464843750000000000e-01 1.676646709442138672e+00 2.168596982955932617e+00
6.464843750000000000e-01 1.680638670921325684e+00 2.146924018859863281e+00
3.964843750000000000e-01 1.684630751609802246e+00 2.125123023986816406e+00
8.964843750000000000e-01 1.688622713088989258e+00 2.103194952011108398e+00
8.398437500000000000e-02 1.692614793777465820e+00 2.081139087677001953e+00
5.839843750000000000e-01 1.696606755256652832e+00 2.058956146240234375e+00
3.339843750000000000e-01 1.700598835945129395e+00 2.036645174026489258e+00
8.339843750000000000e-01 1.704590797424316406e+00 2.014207124710083008e+00
2.089843750000000000e-01 1.708582878112792969e+00 1.991641163825988770e+00
7.089843750000000000e-01 1.712574839591979980e+00 1.968948364257812500e+00
4.589843750000000000e-01 1.716566920280456543e+00 1.946127414703369141e+00
9.589843750000000000e-01 1.720558881759643555e+00 1.923179626464843750e+00
5.273437500000000000e-02 1.724550843238830566e+00 1.900104284286499023e+00
5.527343750000000000e-01 1.728542923927307129e+00 1.876900792121887207e+00
3.027343750000000000e-01 1.732534885406494141e+00 1.853570580482482910e+00
8.027343750000000000e-01 1.736526966094970703e+00 1.830112099647521973e+00
1.777343750000000000e-01 1.740518927574157715e+00 1.806526899337768555e+00
6.777343750000000000e-01 1.744511008262634277e+00 1.782813429832458496e+00
4.277343750000000000e-01 1.748502969741821289e+00 1.758973240852355957e+00
9.277343750000000000e-01 1.752495050430297852e+00 1.735004782676696777e+00
1.152343750000000000e-01 1.756487011909484863e+00 1.710909605026245117e+00
6.152343750000000000e-01 1.760479092597961426e+00 1.686686158180236816e+00
3.652343750000000000e-01 1.764471054077148438e+00 1.662335991859436035e+00
8.652343750000000000e-01 1.768463015556335449e+00 1.637858390808105469e+00
2.402343750000000000e-01 1.772455096244812012e+00 1.613252520561218262e+00
7.402343750000000000e-01 1.776447057723999023e+00 1.588519811630249023e+00
4.902343750000000000e-01 1.780439138412475586e+00 1.563658952713012695e+00
9.902343750000000000e-01 1.784431099891662598e+00 1.538671374320983887e+00
1.367187500000000000e-02 1.788423180580139160e+00 1.513555526733398438e+00
5.136718750000000000e-01 1.792415142059326172e+00 1.488312959671020508e+00
2.636718750000000000e-01 1.796407222747802734e+00 1.462942123413085938e+00
7.636718750000000000e-01 1.800399184226989746e+00 1.437444567680358887e+00
1.386718750000000000e-01 1.804391264915466309e+00 1.411818742752075195e+00
6.386718750000000000e-01 1.808383226394653320e+00 1.386066198348999023e+00
3.886718750000000000e-01 1.812375307083129883e+00 1.360185384750366211e+00
8.886718750000000000e-01 1.816367268562316895e+00 1.334177970886230469e+00
7.617187500000000000e-02 1.820359230041503906e+00 1.308042883872985840e+00
5.761718750000000000e-01 1.824351310729980469e+00 1.281779646873474121e+00
3.261718750000000000e-01 1.828343272209167480e+00 1.255389690399169922e+00
8.261718750000000000e-01 1.832335352897644043e+00 1.228871464729309082e+00
2.011718750000000000e-01 1.836327314376831055e+00 1.202226519584655762e+00
7.011718750000000000e-01 1.840319395065307617e+00 1.175453305244445801e+00
4.511718750000000000e-01 1.844311356544494629e+00 1.148553371429443359e+00
9.511718750000000000e-01 1.848303437232971191e+00 1.121525168418884277e+00
4.492187500000000000e-02 1.852295398712158203e+00 1.094370245933532715e+00
5.449218750000000000e-01 1.856287479400634766e+00 1.067087054252624512e+00
2.949218750000000000e-01 1.860279440879821777e+00 1.039677143096923828e+00
7.949218750000000000e-01 1.864271402359008789e+00 1.012139797210693359e+00
1.699218750000000000e-01 1.868263483047485352e+00 9.844741225242614746e-01
6.699218750000000000e-01 1.872255444526672363e+00 9.566817283630371094e-01
4.199218750000000000e-01 1.876247525215148926e+00 9.287611246109008789e-01
9.199218750000000000e-01 1.880239486694335938e+00 9.007138013839721680e-01
1.074218750000000000e-01 1.884231567382812500e+00 8.725381493568420410e-01
6.074218750000000000e-01 1.888223528861999512e+00 8.442358374595642090e-01
3.574218750000000000e-01 1.892215609550476074e+00 8.158051967620849609e-01
8.574218750000000000e-01 1.896207571029663086e+00 7.872479557991027832e-01
2.324218750000000000e-01 1.900199651718139648e+00 7.585623264312744141e-01
7.324218750000000000e-01 1.904191613197326660e+00 7.297500967979431152e-01
4.824218750000000000e-01 1.908183574676513672e+00 7.008103728294372559e-01
9.824218750000000000e-01 1.912175655364990234e+00 6.717423200607299805e-01
2.929687500000000000e-02 1.916167616844177246e+00 6.425476074218750000e-01
5.292968750000000000e-01 1.920159697532653809e+00 6.132245063781738281e-01
2.792968750000000000e-01 1.924151659011840820e+00 5.837748646736145020e-01
7.792968750000000000e-01 1.928143739700317383e+00 5.541967749595642090e-01
1.542968750000000000e-01 1.932135701179504395e+00 5.244921445846557617e-01
6.542968750000000000e-01 1.936127781867980957e+00 4.946590960025787354e-01
4.042968750000000000e-01 1.940119743347167969e+00 4.646994769573211670e-01
9.042968750000000000e-01 1.944111824035644531e+00 4.346114695072174072e-01
9.179687500000000000e-02 1.948103785514831543e+00 4.043968617916107178e-01
5.917968750000000000e-01 1.952095866203308105e+00 3.740538358688354492e-01
3.417968750000000000e-01 1.956087827682495117e+00 3.435842692852020264e-01
8.417968750000000000e-01 1.960079789161682129e+00 3.129872083663940430e-01
2.167968750000000000e-01 1.964071869850158691e+00 2.822617292404174805e-01
7.167968750000000000e-01 1.968063831329345703e+00 2.514096796512603760e-01
4.667968750000000000e-01 1.972055912017822266e+00 2.204292118549346924e-01
9.667968750000000000e-01 1.976047873497009277e+00 1.893221884965896606e-01
6.054687500000000000e-02 1.980039954185485840e+00 1.580867469310760498e-01
5.605468750000000000e-01 1.984031915664672852e+00 1.267247498035430908e-01
3.105468750000000000e-01 1.988023996353149414e+00 9.523432701826095581e-02
8.105468750000000000e-01 1.992015957832336426e+00 6.361735612154006958e-02
1.855468750000000000e-01 1.996008038520812988e+00 3.187194839119911194e-02
